 k = 5		 nf = 2		 f = 1338269.9335775755

 k = 10		 nf = 3		 f = 249965.22481695088

 k = 11		 nf = 4		 f = 4734.5147231870515

 k = 309		 nf = 5		 f = -3455.999999999999

 k = 309		 nf = 5		 f = -3455.999999999999


Algoritmo terminato per massimo numero di iterazioni, pari a 4000000


x(1) = 12.000000185511325

x(2) = 11.999999818881943

x(3) = 344.43689699336846

x(4) = 276.5496425720359
